111 150 29
145 188 111
29 138 120
105 77 29
179 2 200
16 110 1
85 74 189
174 105 131
42 67 67
110 22 86
155 82 126
22 167 188
105 140 50
166 176 130
143 121 181
118 199 61
99 80 105
74 108 114
101 14 78
38 75 143
98 45 18
114 156 158
145 86 137
121 61 134
115 87 108
93 83 67
106 158 142
97 75 120
179 81 117
30 141 52
100 110 171
5 38 187
119 98 44
97 60 127
197 178 64
17 169 121
100 184 186
98 166 125
154 7 164
101 113 26
126 55 130
108 47 66
32 153 176
129 129 185
179 195 176
70 159 50
93 90 25
193 146 129
101 117 169
56 157 171
96 89 84
100 140 176
170 16 129
36 57 155
101 89 94
136 60 48
180 174 67
114 98 164
91 77 198
53 70 116
97 154 170
40 181 49
49 24 104
108 133 183
97 19 59
32 51 114
32 44 100
77 8 29
141 102 140
100 3 132
59 197 75
164 38 137
101 120 136
187 75 79
164 37 28
32 53 89
118 62 65
172 174 60
74 70 150
154 102 181
84 175 176
117 63 78
162 189 170
115 71 125
105 198 196
117 12 86
45 38 133
122 122 138
165 89 151
162 71 69
32 163 106
121 74 195
193 197 73
100 43 159
36 197 75
79 186 19
101 68 130
69 65 63
125 16 118
32 143 65
104 35 65
69 97 56
70 153 73
152 105 170
77 147 5
111 48 35
134 101 199
2 199 155
114 160 108
68 143 160
173 63 148
97 189 54
12 54 79
104 88 183
32 27 24
18 65 124
4 76 80
102 162 3
180 80 93
166 128 173
97 20 63
13 126 149
178 33 7
99 62 36
22 84 47
198 166 133
117 133 84
144 139 154
187 114 16
108 143 125
144 29 93
117 13 193
100 20 111
14 32 30
176 90 179
97 126 188
180 31 156
52 57 18
100 134 87
176 154 138
68 97 193
101 103 116
18 73 182
106 40 63
32 10 82
50 19 36
189 189 145
100 37 179
46 160 33
75 63 78
101 41 148
123 172 188
30 61 58
32 25 107
81 122 39
137 10 99
112 85 12
27 162 128
177 96 175
114 188 45
108 199 5
13 61 157
111 70 10
190 13 58
48 104 168
103 39 45
158 100 45
185 172 74
114 45 200
35 49 144
181 117 135
97 123 29
171 105 63
89 51 64
109 197 186
113 67 17
130 12 196
97 45 196
146 81 159
30 60 150
231 46 136
126 81 119
106 109 50
227 131 11
151 124 3
60 37 194
111 58 118
167 30 68
29 70 75
